0.03796720900000006
0.03401262499999991
0.05771075000000003
0.05266370800000075
0.0009174590000000649
0.0009188749999999857
0.06109733300000286
0.060166666000000646
0.007437249999998841
0.007946541999999113
0.02108816599999841
0.02203166599999662
0.005366124999994781
0.005369707999996365
0.00595162500000157
0.0058301669999991645
0.00621550000000326
0.006157708000003481
0.09232750000000323
0.09119149999999365
0.01420262500000291
0.014108415999999124
0.04960737500000789
0.048929375000000164
0.0010094999999950005
0.0010297920000112981
0.0010528330000028063
0.001122667000004185
0.004926416000003542
0.004870666000002188
0.016040958000004935
0.015781875000001833
0.008657583000001523
0.008522041000006197
0.027554832999996393
0.028748374999992166
0.08597083300000463
0.08650579099999334
0.0010858750000011241
0.0011354169999862052
0.0010855830000053857
0.0010247090000063963
0.0010309170000084578
0.0010266660000013417
0.007442499999996244
0.007202082999981485
0.09455629100000351
0.09633820799999171
0.022385250000013457
0.022433833000008008
0.00834341699999186
0.008409082999975226
0.0032544169999937367
0.0032421669999962432
0.0013726669999982732
0.001379291000006333
0.006460666999998921
0.006478084000008266
0.008858582999977216
0.008904333000003817
0.013415249999980006
0.013513041999999587
0.026924790999999004
0.02681866600002536
0.0334040420000008
0.03480983299999707
0.0017316249999907996
0.0017884999999751017
0.0012692919999892638
0.0012564580000002934
0.003334291999976813
0.003316749999981994
0.001964084000007915
0.0019810830000039914
0.025843667000003734
0.025722749999999905
0.07238199999997619
0.07243008300000042
0.004810332999994671
0.0049654999999972915
0.005935584000013705
0.0056251249999945685
0.037760832999993
0.037956000000008316
0.004435457999989012
0.004436249999997699
0.0015962090000130047
0.0014542500000516156
0.027211416999989524
0.02458170799997106
0.07577470799998309
0.0752729170000066
0.0017650419999881706
0.0017679999999700158
0.10320962499997677
0.09929849999997487
0.004963916000008339
0.004905333000010614
0.4661500000000274
0.46888875000001917
0.017819500000030075
0.019126834000019244
0.0013497909999955482
0.0012313750000316759
0.1284692500000233
0.12900541699997348
0.03726966699997547
0.036820209000040904
0.0017930000000205837
0.0017682499999978063
0.0016173750000234577
0.0015559999999936736
0.0015259170000376798
0.0015237499999898318
0.011170250000020587
0.01108633300003703
0.00219208300001128
0.002288999999962016
0.0008693329999687194
0.0008683750000386681
0.0014653749999524734
0.0013959999999997308
0.0012215840000067146
0.0011833750000391774
0.0014906670000414124
0.0014500419999876613
0.09989424999997709
0.09811024999999063
0.009003124999992451
0.009171207999997932
0.01852437499996995
0.01788837499998408
0.07908287499998323
0.0781344590000117
0.11197658399999
0.10664174999999432
0.11689916699998548
0.12276304199997412
0.03590766600001416
0.03521245799998951
0.1539245830000482
0.14744695900003535
0.4828016669999897
0.49515949999999975
0.014981582999951115
0.015324042000031568
0.20666733399997383
0.21004599999997708
0.09405979199999592
0.09445174999996198
0.27253858399996034
0.26944712499999923
0.0067204999999717074
0.006836750000047687
0.001432958000009421
0.001373291999925641
0.15090258300006099
0.14776150000000143
0.04263645900005031
0.042544334000012896
0.01359116699995866
0.013522958000066865
0.0442649579999852
0.04352637499994216
0.011941083000010622
0.012206208000065999
0.013867540999967787
0.013837917000046218
0.0009846250000009604
0.0009392079999770431
0.24963758299998062
0.2500820409999278
0.007381208999959199
0.008146457999941958
0.19309695799995552
0.20134250000000975
0.001167125000051783
0.0011696249999886277
0.08205904199996894
0.08195166600000903
0.0014824999999518695
0.0016059170000062295
0.13498258300000998
0.13755970800002615
0.0014834169999176083
0.00155741699995815
0.0753405829999565
0.07366858299997148
0.001669166000056066
0.0016422090000105527
0.001227457999902981
0.0012615000000550936
0.0010462499999448482
0.001067000000034568
0.002653082999927392
0.0026573750000125074
0.3573885829999881
0.3695631250000133
0.02789274999997815
0.028008415999920544
0.011521041000037258
0.011446083999999246
0.01724975000001905
0.018003375000034794
0.03898016599998755
0.04012899999997899
0.001687791999984256
0.0016158329999598209
0.0008117499999116262
0.0008406670000340455
0.0010637080000606147
0.001053249999927175
0.01802816699989762
0.018784292000077585
0.014483000000041102
0.01460770800008504
0.001975916999981564
0.0018337499999461215
0.018577250000021195
0.01806316699992294
0.0025135420000879094
0.0024207500000557047
0.001733082999976432
0.0017145420000588274
0.0011817500000006476
0.0012494580000748101
0.26169149999998353
0.272352332999958
0.007847749999996267
0.008332749999908629
0.009280624999973952
0.009314792000054695
0.02743149999992056
0.0277517079999825
0.0013337919999685255
0.0014597079999703055
0.02432758300005844
0.025231834000010167
0.012931166000043959
0.013022917000057532
0.06154883300007441
0.06371545900003639
0.3090905420000354
0.3055782910000744
0.07268766599997889
0.07458974999997281
0.007929750000016611
0.007922874999962914
0.001656416000059835
0.001582708000000821
0.001576499999941916
0.0015681250000625369
0.05235929100001613
0.05249733400000878
0.023434457999996994
0.023637749999920743
0.0017553330000055212
0.001760124999918844
0.0052592499999946085
0.005663415999947574
0.15170466699998997
0.144309958000008
0.01971304100004545
0.019679332999999133
0.018294083000000683
0.01827937500002008
0.0014680420000559025
0.0014838330000657152
0.01766037499999129
0.017608874999950785
0.14806174999989707
0.1497287500000084
0.014448749999928623
0.01440550000006624
0.0018261669999901642
0.0018281249999745341
0.05639366700006576
0.0546591659999649
0.016056499999990592
0.016359833000024082
0.3747422500000539
0.3832689170000094
0.2443499170000223
0.243557166999949
0.0019864579999193666
0.0019843750000063665
0.001940208999940296
0.0020673750000241853
0.03701525000008132
0.03548720899993896
0.5895040419999305
0.5900621250000313
0.002226291000056335
0.0022401659999786716
0.0014504170000009253
0.0014738750001015433
0.001202999999804888
0.0011080410001795826
0.18101216700006262
0.1807518330001585
0.003973499999999852
0.0037671670000003488
0.009783417000000405
0.009202958999999566
0.0010239169999994857
0.0010240830000007861
0.006810292000000828
0.006797875000000175
0.022859457999999222
0.02285179200000087
0.03007649999999984
0.03097320899999545
0.02244291699999934
0.01695395800000199
0.007305750000000444
0.007438959000005241
0.01715691599999758
0.017359040999998854
0.010612166000001366
0.010643874999999525
0.013017875000002732
0.013824333000002298
0.0016463749999999777
0.0016230829999983598
0.00625129200000174
0.006346250000007103
0.02223133300000768
0.022241999999991435
0.00871912499999894
0.008413125000004129
0.21356612500000005
0.1914435000000001
0.007593000000001737
0.007316583000000043
0.23039124999999983
0.010024875000000044
0.07279220800000008
0.23102558299999987
0.0013669589999993903
0.008206541999999928
0.1667889170000001
0.04515879200000006
0.23290191600000032
0.3411798749999999
0.11979195799999998
0.2560577500000001
0.012181083999999842
0.02084804100000004
0.08402508399999942
0.014526666000000077
0.06667829099999989
0.13953475000000015
0.5133145419999998
0.08633108299999992
0.011179042000000194
0.43812800000000074
0.19297387499999985
0.4860488750000016
0.0042632910000008906
0.0009538329999969619
0.11250575000000396
0.15262833300000267
0.11767779199999495
0.02129033399999969
0.05509904199999993
0.6171594579999997
