0.06521739130434782
0.16666666666666666
0.07142857142857142
0.12903225806451613
0.17391304347826086
0.0851063829787234
0.12244897959183673
0.125
0.12962962962962962
0.12121212121212122
0.06896551724137931
0.04411764705882353
0.2727272727272727
0.23809523809523808
0.05555555555555555
0.043478260869565216
0.14285714285714285
0.07692307692307693
0.14893617021276595
0.05263157894736842
0.13636363636363635
0.09375
0.125
0.09722222222222222
0.1794871794871795
0.1111111111111111
0.09090909090909091
0.11538461538461539
0.1111111111111111
0.07692307692307693
0.07317073170731707
0.10714285714285714
0.14285714285714285
0.22727272727272727
0.1111111111111111
0.15789473684210525
0.1206896551724138
0.13636363636363635
0.12280701754385964
0.13513513513513514
0.07228915662650602
0.06097560975609756
0.11764705882352941
0.10144927536231885
0.17391304347826086
0.09375
0.1282051282051282
0.16129032258064516
0.10526315789473684
0.08771929824561403
0.08823529411764706
0.1
0.029411764705882353

A*
0.09090909090909091
0.22580645161290322
0.06451612903225806
0.08333333333333333
0.09836065573770492
0.12244897959183673
0.08333333333333333
0.0945945945945946
0.1
0.07608695652173914
0.13333333333333333
0.125
0.1282051282051282
0.1568627450980392
0.11363636363636363
0.1282051282051282
0.043478260869565216
0.125
0.11363636363636363
0.08108108108108109
0.09090909090909091
0.10344827586206896
0.06666666666666667
0.15217391304347827
0.04285714285714286
0.15625
0.09523809523809523
0.023809523809523808
0.019230769230769232
0.075
0.08450704225352113
0.07407407407407407
0.12
0.058823529411764705
0.1038961038961039
0.05172413793103448
0.07936507936507936
0.06521739130434782
0.11290322580645161
0.10144927536231885
0.1111111111111111
0.07407407407407407
0.11904761904761904
0.07246376811594203
0.1
0.07407407407407407
0.09090909090909091
0.16923076923076924
0.125
0.078125
0.06349206349206349
0.09615384615384616
0.13513513513513514
0.13846153846153847
0.0784313725490196
0.12087912087912088
0.13725490196078433
0.125
0.15384615384615385
0.09523809523809523
0.05172413793103448
0.05128205128205128
0.12244897959183673
0.06818181818181818
0.1111111111111111
0.15217391304347827
0.1016949152542373
0.0963855421686747
0.11363636363636363
0.06578947368421052
0.038461538461538464
0.11267605633802817
0.04
0.08928571428571429
0.14457831325301204
0.09333333333333334
0.06
0.07692307692307693
0.11864406779661017
0.1111111111111111
0.04878048780487805
0.1
0.1
0.2
0.1076923076923077
0.034482758620689655
0.06382978723404255
0.14634146341463414
0.08433734939759036
0.045454545454545456
0.16666666666666666
0.06153846153846154
0.06060606060606061
0.023255813953488372
0.05970149253731343
0.07894736842105263
0.1111111111111111
0.06451612903225806
0.1320754716981132
0.08333333333333333
0.05357142857142857
0.0958904109589041
0.07142857142857142
0.125
0.07272727272727272
0.04838709677419355
0.11627906976744186
0.07142857142857142
0.13953488372093023
0.14814814814814814
0.0784313725490196
0.09210526315789473
0.05747126436781609
0.0784313725490196
0.09090909090909091
0.04878048780487805
0.0945945945945946
0.10810810810810811
0.1016949152542373
0.07142857142857142
0.08333333333333333
0.0821917808219178
0.08695652173913043
0.08888888888888889
0.16417910447761194
0.058823529411764705
0.125
0.07017543859649122
0.11363636363636363
0.10810810810810811
0.038461538461538464
0.09722222222222222
0.09090909090909091
0.06521739130434782
0.08695652173913043
0.07352941176470588
0.0945945945945946
0.09090909090909091
0.1282051282051282
0.16129032258064516
0.09722222222222222
0.09433962264150944
0.0945945945945946
0.04838709677419355
0.06818181818181818
0.1388888888888889
0.09375
0.11764705882352941
0.17857142857142858
0.1282051282051282
0.08695652173913043
0.07142857142857142
0.12903225806451613
0.14814814814814814
0.06060606060606061
0.04
0.11764705882352941
0.09375
0.1
0.05263157894736842
0.11290322580645161
0.061224489795918366
0.10416666666666667
0.09859154929577464
0.11627906976744186
0.09523809523809523
0.07692307692307693
0.13414634146341464
0.08695652173913043
0.09090909090909091
0.12903225806451613
0.03125
0.043478260869565216
0.125
0.0967741935483871
0.10810810810810811
0.043478260869565216
0.1206896551724138
0.0
0.125
0.0
0.3
0.0
0.0
0.13333333333333333
0.0
0.13043478260869565
0.06896551724137931
0.0
0.15384615384615385
0.030303030303030304
0.037037037037037035
0.02564102564102564
0.03225806451612903
0.08771929824561403
0.13333333333333333
0.11363636363636363
0.05172413793103448
0.03508771929824561
0.08771929824561403
0.07317073170731707
0.1
0.0392156862745098
0.08411214953271028
0.09433962264150944
0.08536585365853659
0.07692307692307693
