0.08235294117647059
0.043478260869565216
0.07692307692307693
0.11267605633802817
0.13157894736842105
0.06451612903225806
0.11827956989247312
0.07272727272727272
0.13043478260869565
0.10869565217391304
0.10714285714285714
0.14
0.05660377358490566
0.08955223880597014
0.05660377358490566
0.09615384615384616
0.07017543859649122
0.0625
0.16129032258064516
0.09302325581395349
0.06060606060606061
0.12698412698412698
0.14285714285714285
0.17857142857142858
0.10526315789473684
0.16279069767441862
0.140625
0.13793103448275862
0.08771929824561403
0.06666666666666667
0.07142857142857142
0.0821917808219178
0.11363636363636363
0.08433734939759036
0.12280701754385964
0.0975609756097561
0.13793103448275862
0.11627906976744186
0.058823529411764705
0.06557377049180328
0.08
0.03571428571428571
0.08620689655172414
0.11666666666666667
0.05714285714285714
0.15384615384615385
0.14634146341463414
0.037037037037037035
0.05263157894736842
0.125
0.09523809523809523
0.08333333333333333
0.1267605633802817
0.13333333333333333
0.16666666666666666
0.045454545454545456
0.06896551724137931
0.10869565217391304
0.07575757575757576
0.07228915662650602
0.10204081632653061
0.09375
0.0625
0.08571428571428572
0.109375
0.18181818181818182
0.05263157894736842
0.10204081632653061
0.03571428571428571
0.15217391304347827
0.15384615384615385
0.06666666666666667
0.08
0.13636363636363635
0.04878048780487805
0.04285714285714286
0.06451612903225806
0.1276595744680851
0.07692307692307693
0.047619047619047616
0.1694915254237288
0.14035087719298245
0.19047619047619047
0.1206896551724138
0.09615384615384616
0.08333333333333333
0.13157894736842105
0.18421052631578946
0.09859154929577464
0.1111111111111111
0.11538461538461539
0.09302325581395349
0.0875
0.125
0.1276595744680851
0.17647058823529413
0.1388888888888889
0.10294117647058823
0.07246376811594203
0.13114754098360656
0.0847457627118644
0.14545454545454545
0.09523809523809523
0.11827956989247312
0.16666666666666666
0.07368421052631578
0.10810810810810811
0.09523809523809523
0.125
0.10869565217391304
0.12195121951219512
0.15384615384615385
0.023809523809523808
0.10144927536231885
0.12962962962962962
0.06557377049180328
0.0625
0.15384615384615385
0.07547169811320754
0.1282051282051282
0.1
0.075
0.06666666666666667
0.13157894736842105
0.13333333333333333
0.10909090909090909
0.14035087719298245
0.08163265306122448
0.1206896551724138
0.0975609756097561
0.1044776119402985
0.05660377358490566
0.09615384615384616
0.08974358974358974
0.046511627906976744
0.07317073170731707
0.10416666666666667
0.09333333333333334
0.17647058823529413
0.07
0.03508771929824561
0.10869565217391304
0.1125
0.08235294117647059
0.08333333333333333
0.07692307692307693
0.1111111111111111
0.07936507936507936
0.02040816326530612
0.10204081632653061
0.14634146341463414
0.13924050632911392
0.20512820512820512
0.10714285714285714
0.07142857142857142
0.05660377358490566
0.034482758620689655
0.16326530612244897
0.08888888888888889
0.03125
0.07142857142857142
0.08333333333333333
0.09433962264150944
0.16216216216216217
0.09090909090909091
0.14545454545454545
0.07936507936507936
0.125
0.05
0.13636363636363635
0.09230769230769231
0.07792207792207792
0.05263157894736842
0.1095890410958904
0.05555555555555555
0.12903225806451613
0.11320754716981132
0.06557377049180328
0.13114754098360656
0.11864406779661017
0.14634146341463414
0.1346153846153846
0.13636363636363635
0.0784313725490196
0.0784313725490196
0.16129032258064516
0.09375
0.075
0.058823529411764705
0.07017543859649122
0.13953488372093023
0.02127659574468085
0.14492753623188406
0.07017543859649122
0.03636363636363636
0.11594202898550725
0.06578947368421052
0.10416666666666667
0.0196078431372549
0.05660377358490566
0.06666666666666667
0.056818181818181816
0.0975609756097561
0.07407407407407407
0.11538461538461539
0.061224489795918366
0.16049382716049382
0.05747126436781609
0.044444444444444446
0.10869565217391304
0.08695652173913043
0.07692307692307693
0.08333333333333333
0.125
0.08695652173913043
0.08571428571428572
0.13513513513513514
0.1206896551724138
0.1111111111111111
0.08888888888888889
0.05555555555555555
0.13333333333333333
0.03125
0.10526315789473684
0.14705882352941177
0.14130434782608695
0.08620689655172414
0.07547169811320754
0.11627906976744186
0.11842105263157894
0.12790697674418605
0.1282051282051282
0.1125
0.14285714285714285
0.07142857142857142
0.06818181818181818
0.027777777777777776
0.11538461538461539
0.025
0.15873015873015872
0.12987012987012986
0.05084745762711865
0.078125
0.08771929824561403
0.07042253521126761
0.10810810810810811
0.09433962264150944
0.07407407407407407
0.13636363636363635
0.1016949152542373
0.13157894736842105
0.10714285714285714
0.11538461538461539
0.09722222222222222
0.06451612903225806
0.07792207792207792
0.05555555555555555
0.045454545454545456
0.06779661016949153
0.06944444444444445
0.09433962264150944
0.06
0.13846153846153847
0.1388888888888889
0.11594202898550725
0.06896551724137931
0.08064516129032258
0.14035087719298245
0.10526315789473684
0.11627906976744186
0.12
0.12
0.16666666666666666
0.10714285714285714
0.14814814814814814
0.10416666666666667
0.15
0.06666666666666667
0.1276595744680851
0.058823529411764705
0.1111111111111111
0.08620689655172414
0.18032786885245902
0.07142857142857142
0.14754098360655737
0.1590909090909091
0.025
0.1282051282051282
0.14084507042253522
0.11666666666666667
0.11428571428571428
0.06779661016949153
0.10256410256410256
0.13333333333333333
0.10204081632653061
0.03125
0.09523809523809523
0.06153846153846154
0.19047619047619047
